 1:   1.0000  0.0000  1
 2:   1.0000  0.0000  1
 3:   0.6680  0.3320  1
 4:   1.0000  0.0000  1
 5:   1.0000  0.0000  1
 6:   1.0000  0.0000  1
 7:   1.0000  0.0000  1
 8:   1.0000  0.0000  1
 9:   0.3250  0.6750  1
10:   0.4940  0.5060  1
11:   0.5390  0.4610  1
12:   0.2380  0.7620  1
13:   0.0880  0.9120  1
14:   0.8750  0.1250  1
15:   0.9600  0.0400  1
16:   0.9680  0.0320  1
17:   0.9820  0.0180  1
18:   0.1610  0.8390  1
19:   0.9640  0.0360  1
20:   0.8290  0.1710  1
21:   0.8660  0.1340  1
22:   0.0350  0.9650  1
23:   0.6550  0.3450  1
24:   0.9590  0.0410  1
25:   0.8390  0.1610  1

 1:   1.0000  0.0000  1
 2:   1.0000  0.0000  1
 3:   0.6550  0.3450  1
 4:   1.0000  0.0000  1
 5:   1.0000  0.0000  1
 6:   1.0000  0.0000  1
 7:   1.0000  0.0000  1
 8:   1.0000  0.0000  1
 9:   0.2940  0.7060  1
10:   0.4730  0.5270  1
11:   0.5170  0.4830  1
12:   0.2000  0.8000  1
13:   0.0510  0.9490  1
14:   0.8590  0.1410  1
15:   0.9520  0.0480  1
16:   0.9660  0.0340  1
17:   0.9850  0.0150  1
18:   0.1320  0.8680  1
19:   0.9610  0.0390  1
20:   0.8190  0.1810  1
21:   0.8550  0.1450  1
22:   0.0150  0.9850  1
23:   0.6420  0.3580  1
24:   0.9530  0.0470  1
25:   0.8290  0.1710  1

 1:   1.0000  0.0000  1
 2:   1.0000  0.0000  1
 3:   0.6640  0.3360  1
 4:   1.0000  0.0000  1
 5:   1.0000  0.0000  1
 6:   1.0000  0.0000  1
 7:   1.0000  0.0000  1
 8:   1.0000  0.0000  1
 9:   0.3190  0.6810  1
10:   0.4950  0.5050  1
11:   0.5390  0.4610  1
12:   0.2280  0.7720  1
13:   0.0680  0.9320  1
14:   0.8760  0.1240  1
15:   0.9690  0.0310  1
16:   0.9890  0.0110  1
17:   0.9940  0.0060  1
18:   0.1550  0.8450  1
19:   0.9870  0.0130  1
20:   0.8370  0.1630  1
21:   0.8880  0.1120  1
22:   0.0230  0.9770  1
23:   0.6630  0.3370  1
24:   0.9740  0.0260  1
25:   0.8550  0.1450  1

 1:   1.0000  0.0000  1
 2:   1.0000  0.0000  1
 3:   0.6700  0.3300  1
 4:   1.0000  0.0000  1
 5:   1.0000  0.0000  1
 6:   1.0000  0.0000  1
 7:   1.0000  0.0000  1
 8:   1.0000  0.0000  1
 9:   0.3210  0.6790  1
10:   0.4920  0.5080  1
11:   0.5350  0.4650  1
12:   0.2290  0.7710  1
13:   0.0850  0.9150  1
14:   0.8700  0.1300  1
15:   0.9560  0.0440  1
16:   0.9760  0.0240  1
17:   0.9880  0.0120  1
18:   0.1580  0.8420  1
19:   0.9690  0.0310  1
20:   0.8280  0.1720  1
21:   0.8750  0.1250  1
22:   0.0300  0.9700  1
23:   0.6620  0.3380  1
24:   0.9620  0.0380  1
25:   0.8440  0.1560  1

 1:   1.0000  0.0000  1
 2:   1.0000  0.0000  1
 3:   0.6640  0.3360  1
 4:   1.0000  0.0000  1
 5:   1.0000  0.0000  1
 6:   1.0000  0.0000  1
 7:   1.0000  0.0000  1
 8:   1.0000  0.0000  1
 9:   0.3160  0.6840  1
10:   0.4960  0.5040  1
11:   0.5340  0.4660  1
12:   0.2170  0.7830  1
13:   0.0540  0.9460  1
14:   0.8810  0.1190  1
15:   0.9740  0.0260  1
16:   0.9910  0.0090  1
17:   0.9940  0.0060  1
18:   0.1480  0.8520  1
19:   0.9830  0.0170  1
20:   0.8400  0.1600  1
21:   0.8890  0.1110  1
22:   0.0170  0.9830  1
23:   0.6620  0.3380  1
24:   0.9830  0.0170  1
25:   0.8580  0.1420  1

